16/08/2022---00:52

VENTAS x HORA (AÑO ACTUAL)

INICIO  FIN         VENTAS       ITEMS
======================================
07     07:59         1,141.75       64
08     08:59           625.75      151
09     09:59         2,557.25      438
10     10:59         2,898.00    1,057
11     11:59         9,202.10    1,361
12     12:59        22,036.05    1,611
13     13:59        22,903.20    1,135
14     14:59        24,357.25    1,228
15     15:59        22,965.75    1,260
16     16:59        12,475.00      502
17     17:59        14,509.50      373
18     18:59        12,305.00      449
19     19:59         8,170.50      978
20     20:59        31,885.25    4,433
21     21:59        31,026.75    4,256
22     22:59           194.25       28
======================================
